GailJoonAhn,[(1, 0.00055941433161858691), (2, 1.624314956309896e-05), (3, 0.99912599737949381), (5, 5.1860790766995485e-05), (6, 4.8709578826712788e-05), (9, 1.3075627491407423e-05), (10, 2.7368753302841918e-05), (11, 4.1272372779231197e-05), (13, 0.00010888257423422272)]
AshishAmresh,[(0, 1.0901368585791147e-05), (5, 0.0010120277153387494), (10, 0.039646755874362213), (13, 0.95930576052238781)]
RonaldAskin,[(0, 0.049127690309230976), (1, 0.0010491053919561063), (2, 0.0061965467023731621), (3, 0.00032830945442621654), (4, 0.7432546781983097), (7, 0.00071689774031950023), (8, 0.033225352168539335), (10, 0.0078579661795797739), (11, 0.056564975130453728), (12, 0.070997953907794911), (13, 0.030676250354872335)]
RobertAtkinson,[(0, 0.17476514222029341), (1, 0.00012002894383344377), (3, 0.00026747607668261696), (5, 0.070947299658152302), (6, 0.00040793648405564769), (9, 0.00063081420014326518), (10, 0.65213317093739787), (12, 0.0004541909045167924), (13, 0.10006031995010244), (15, 8.4374723335493325e-05), (16, 0.00012435120434577915)]
JanakaBalasooriya,[(1, 5.0557255551729711e-05), (2, 0.0019900868876443871), (3, 0.00046140149833454492), (4, 1.2281540610332797e-05), (13, 0.99747323460965465)]
AjayBansal,[(1, 0.90350176750698197), (2, 0.00065248263564692238), (11, 0.0008113864236265132), (13, 0.09501987373933489)]
SrividyaBansal,[(1, 0.5398782624014451), (2, 0.00038675244842487294), (3, 0.32087593638183265), (6, 1.0701525441118378e-05), (10, 8.8904501496180942e-05), (13, 0.13874603052048082)]
ChittaBaral,[(1, 0.8649317313890752), (10, 0.00014394874501533046), (11, 0.11231443888871147), (14, 0.00039795023089554335), (15, 0.022209793076107591)]
RidaBazzi,[(2, 1.2029338466173638e-05), (14, 0.99998071460181959)]
HeniBenAmor,[(0, 0.34799694023069466), (1, 0.0050255722016792964), (2, 0.00064033189377168422), (3, 0.0007791609645160999), (4, 0.00056272235735049271), (5, 0.05056861001569974), (6, 0.0028112877282035417), (7, 0.0010984687692974508), (9, 0.15033132036917021), (10, 0.034227395151987333), (12, 0.0087876592800862578), (13, 0.00022448462511476654), (15, 0.39665881397610064), (16, 0.00014173576964698803), (17, 0.0001450165447017543)]
NadyaBliss,[(0, 0.008649631633988443), (1, 1.9136575834183916e-05), (2, 0.00051595335071365862), (3, 4.2607258535062804e-05), (4, 0.0038190821590411493), (5, 0.00060943378522295159), (6, 0.030127965695762506), (7, 0.93147573903127046), (8, 0.0063211978651455912), (9, 0.0091946495580873828), (13, 8.0667053013211664e-05), (16, 0.0091431830110019451)]
KSelcukCandan,[(0, 0.0074414449890161851), (1, 0.83031392081353494), (2, 0.004408539623413781), (3, 1.104846816524267e-05), (4, 0.010677557392657281), (5, 0.011369546694347232), (6, 0.10990289153909244), (7, 0.018061363680944298), (8, 0.0053590490705648433), (9, 0.0020607351777073451), (12, 5.089187258615816e-05), (16, 0.00034175522473798951)]
YinongChen,[(1, 0.00082340167273704985), (2, 0.85097309711540314), (3, 0.036767467775258911), (4, 0.0012548770227074756), (5, 2.9413471815478754e-05), (7, 5.6556570360411433e-05), (10, 0.00019561924870518189), (12, 1.1220184122576187e-05), (13, 0.10986993407200465)]
CharlesColbourn,[(0, 6.4797150557132702e-05), (2, 7.0177319678983848e-05), (8, 0.99985265061438311)]
JamesCollofello,[(0, 0.001260936263091507), (1, 0.00034725294465900894), (2, 0.0052218445123383686), (3, 0.0029234120445879954), (4, 0.0024180541232573286), (5, 0.0021938151886591859), (6, 0.00098500916612811041), (7, 0.0027649661720694526), (8, 0.012864445456797904), (9, 0.00070877676095446257), (10, 0.037112458033657869), (11, 0.67461502217371594), (12, 0.010144642377281033), (13, 0.2464392234787276)]
ParthaDasgupta,[(0, 1.7468781012733195e-05), (1, 7.5730553081298176e-05), (2, 0.0018811284222364384), (3, 0.086170923464036334), (4, 0.8682956850940714), (5, 1.8704118028486225e-05), (10, 2.5397175583191867e-05), (13, 0.024212205906950342), (14, 0.019301616667292989)]
HasanDavulcu,[(0, 0.00015576286148835322), (1, 0.26656309396296229), (2, 0.000996237731746404), (3, 8.064097030198523e-05), (4, 0.54236900438839686), (5, 0.0022498792027847883), (6, 0.13652266458217252), (7, 0.0087435129445679535), (9, 0.019853331769064644), (10, 0.00080296436185755171), (11, 0.0053448976205088651), (12, 0.00034268281359802529), (13, 0.0076043843634874559), (15, 0.0083695861271708017)]
AdamDoupe,[(0, 0.00017747979471823526), (1, 0.4199747402349161), (2, 0.00051593650416757947), (3, 0.51691252179236513), (4, 0.00045969903844863278), (5, 5.8820365419668831e-05), (6, 9.4374869848099543e-05), (7, 1.6071838728244164e-05), (9, 5.0376986397702227e-05), (10, 0.0022182214266673384), (13, 0.058141449882798554), (14, 0.0012866190900710569), (15, 9.3093524485636235e-05)]
GeorgiosFainekos,[(0, 0.02039000844119444), (1, 0.95057044423698878), (2, 0.0037097230118791277), (3, 3.518346448831871e-05), (4, 0.00030521151312762118), (8, 0.0033766635486261526), (9, 0.00068302945748109753), (11, 0.017820175681950098), (12, 1.4676665205760888e-05), (14, 0.0022594111009517598), (15, 0.00020722373674127791), (16, 0.0004751992425737168), (17, 0.00014826766738579219)]
AshrafGaffar,[(0, 1.0555628752975052e-05), (1, 0.66116380992036061), (3, 0.0013848695877621635), (5, 0.010517079216028591), (6, 0.00021698065465925495), (9, 0.00023397527573244009), (10, 0.097512814661703195), (12, 3.9897626709625182e-05), (13, 0.228747162535512), (15, 1.2075308264894992e-05), (17, 0.00015026995562653385)]
KevinGary,[(5, 5.8169607491658308e-05), (9, 0.0003080090586515697), (10, 0.0016471178589512836), (13, 0.99796921506674097)]
EsmaGel,[(0, 0.76566015711362767), (1, 0.0010128478410458702), (2, 0.010060473267845095), (3, 0.0019856450157623826), (4, 0.00075839766455851353), (7, 0.0021721520174793002), (8, 0.00062856983586103928), (11, 0.00091155277399746729), (12, 0.21277506729601775), (13, 0.0040330841564101168)]
JavierGonzalezSanchez,[(2, 1.1325480486844047e-05), (3, 0.0027361024164494346), (4, 0.0001774472111056889), (5, 0.0026500135175051799), (9, 4.6609296833476643e-05), (10, 0.93863284711892858), (13, 0.055725213362913334)]
SandeepGupta,[(0, 0.00098846698238092955), (2, 0.00032169378185661906), (3, 0.00010242561749031631), (4, 0.99830158422752369), (5, 8.0087878798592674e-05), (7, 2.155405788629021e-05), (8, 0.00012832512673529878), (12, 1.3360082838233417e-05), (16, 2.594221817797635e-05)]
DianneHansford,[(0, 1.7194434286595453e-05), (1, 1.176312424665078e-05), (17, 0.99993859776879401)]
JingruiHe,[(0, 0.00010042605116275791), (1, 0.3222673745115725), (2, 0.0002477741760738445), (4, 5.4740601602408719e-05), (5, 0.0050167099582513223), (6, 0.47300086307700878), (7, 0.021402314418157955), (8, 0.00071293046764674009), (9, 0.15954650506367724), (12, 0.016415764476919122), (15, 0.0011282464674649032), (16, 9.7608040265568919e-05)]
DijiangHuang,[(0, 0.010113969921769309), (1, 3.3878005393606877e-05), (2, 0.002062960439770807), (3, 0.97566337530472003), (4, 0.0084906208294032552), (5, 1.2265433081498788e-05), (6, 0.00079272374939851433), (7, 0.0010819410619401736), (8, 0.0016944642505772986), (14, 3.3525953571539671e-05), (16, 1.9969138296172689e-05)]
SubbaraoKambhampati,[(0, 5.4548549562055518e-05), (1, 0.99506059554536475), (2, 4.0394444023972992e-05), (5, 3.9887880857257658e-05), (6, 0.00012147289787084083), (7, 5.6990762521332061e-05), (8, 1.0950946070174599e-05), (9, 0.00038839498932273563), (10, 0.0036716287309287287), (15, 0.00054064786888488451)]
JoohyungLee,[(11, 0.99999476769834728)]
YannHangLee,[(0, 0.0067635015632212438), (1, 2.7052520920972805e-05), (2, 0.96710817899931556), (3, 0.00051437513605235002), (4, 0.022091632877982197), (7, 0.00014293153066923295), (8, 9.457227696894851e-05), (11, 4.7547154665492772e-05), (13, 1.6235344027356461e-05), (14, 0.0023777078542447337), (16, 0.00081572972039683719)]
BaoxinLi,[(0, 2.7395959785033162e-05), (1, 1.9013435294733289e-05), (2, 1.6791125524258731e-05), (5, 0.00055733035186399007), (6, 0.00012891644911981913), (7, 7.9165488609621491e-05), (9, 0.99903563243163906), (15, 0.00011520038087242477)]
TimLindquist,[(1, 0.00014352209293113459), (2, 0.00012573603087000787), (3, 0.0058216997129387389), (11, 2.1300515549398019e-05), (13, 0.99328855864246224), (14, 0.00058312926698851218)]
RossMaciejewski,[(0, 0.57306265133912004), (1, 0.001274371206827937), (2, 2.9554966388296354e-05), (3, 0.00055708651928844909), (4, 0.001034218053429382), (5, 0.1293951465296794), (6, 0.032699342279030888), (7, 0.001251116911875729), (9, 0.15202730460357733), (10, 0.0074691578012877329), (12, 0.049176913293157473), (13, 0.043005053107651882), (15, 0.0064325506326078866), (17, 0.0025853151897361009)]
RyanMeuth,[(0, 0.083869567354209903), (1, 0.0040929785190778516), (2, 0.028080116384653409), (4, 0.0096750839637562269), (5, 0.0032379503992505166), (6, 8.6962106378258048e-05), (7, 6.412351583954348e-05), (8, 0.0010961006688946482), (9, 0.00087892163792994884), (10, 0.021386547667225028), (12, 0.78438855301295995), (13, 0.054250107748104716), (15, 0.0057809549756968389), (16, 0.0031066872635794451)]
PituMirchandani,[(0, 0.96667804487749764), (1, 0.00095371765182914359), (2, 0.00093234438228101814), (6, 0.0005008265226555059), (7, 0.00024299933874866129), (8, 0.028891658312017475), (9, 9.0287724955109044e-05), (11, 0.0010981933589930323), (12, 0.00053980111707857602), (17, 5.9668075864841128e-05)]
BrianNelson,[(0, 0.2765773201680457), (1, 0.00031077004768288583), (5, 0.036520285755334982), (6, 0.00024757472712907914), (7, 1.2617914167787701e-05), (8, 7.0326465079742612e-05), (9, 0.0016049202595161689), (10, 0.56883774792486264), (13, 0.11406507409769433), (17, 0.00057427706243245546), (32, 0.0010828455408161499), (40, 8.2821777539803903e-05)]
RongPan,[(0, 4.8510520254083359e-05), (1, 0.00019509700556269536), (2, 9.8842423893704751e-05), (3, 1.4189661779302938e-05), (4, 1.8097364038521614e-05), (5, 9.9217782906980438e-05), (6, 0.00010768025691205502), (7, 0.99919711032768499), (8, 3.3754342969216431e-05), (9, 8.9962460995396564e-05), (10, 2.1848094148031278e-05), (11, 2.2552704618420577e-05), (12, 5.1684778991392715e-05)]
SethuramanPanchanathan,[(0, 5.2625668213046695e-05), (1, 1.2213887632814799e-05), (4, 2.4227377247716451e-05), (5, 0.98941884581114259), (7, 0.00011188259432826473), (8, 1.3201083521486581e-05), (9, 0.0095382096368034491), (10, 0.00023738349466340103), (12, 0.00010364399025608607), (13, 2.6352250743298457e-05), (15, 0.0004212251324058556), (16, 2.6483933335808278e-05)]
PaoloPapotti,[(1, 0.04514024115800952), (2, 0.94356813445524934), (5, 0.00011164032812002987), (6, 0.0024509397587324316), (8, 0.00017748875597177227), (9, 0.00018165466061924649), (11, 0.0083182957345670373), (14, 2.3988250945947922e-05), (15, 2.0079961021352973e-05)]
GiuliaPedrielli,[(0, 0.77033455201734946), (1, 0.0017514330400954839), (2, 0.021209841989493664), (3, 0.12552294547060824), (4, 0.0014858917820836954), (5, 2.6419987652410088e-05), (6, 0.00010853646671921427), (7, 0.0032295182252027568), (8, 0.00055197047892517918), (9, 7.800206048071171e-05), (10, 0.00018112389680936708), (11, 0.0067277206623083596), (12, 0.065204286477261605), (13, 0.002965104202314375), (14, 6.0557790113537452e-05), (17, 0.00056198059667562927)]
FengboRen,[(16, 0.99998123890206969)]
AndreaWRicha,[(0, 0.0082923312167773235), (2, 0.9632843011861878), (4, 4.6091660156784052e-05), (6, 0.00019541724739653777), (8, 0.021121713229108902), (14, 0.0070486924953720789)]
GeorgeRunger,[(0, 0.001309406342134625), (1, 0.00065680311428183667), (2, 0.5685694645831979), (5, 0.027670380448513641), (6, 0.061749453859448612), (7, 0.030317742113088339), (8, 0.0011687505783096739), (9, 0.15932372400644371), (10, 0.00087505647631301825), (12, 0.1473666506272433), (15, 0.00057847709294033358), (16, 0.00040206220816582791)]
HessamSarjoughian,[(0, 0.00014110507741751918), (1, 0.00073903874740649837), (2, 0.0055098956371123281), (3, 0.94093881315474348), (4, 0.0001932430142525694), (5, 3.8326929401891079e-05), (7, 2.2741779072306353e-05), (9, 1.4171280070892063e-05), (10, 0.0008360270520080367), (11, 0.002269249075225029), (12, 2.3365060682984344e-05), (13, 0.049012969728630319), (14, 0.0001900543135811635), (15, 7.0694009176944941e-05)]
MohamedSarwat,[(0, 7.7396475659194923e-05), (1, 0.0066028588845049897), (2, 0.0070254011181168511), (3, 0.00063115651854787067), (4, 0.001089946541728088), (5, 0.9347916324729072), (6, 0.049405059936565021), (7, 0.0003256456406916601), (14, 4.9890156685826021e-05)]
ArunabhaSen,[(0, 0.97660677956422859), (1, 2.5994076697947674e-05), (2, 0.0028511302155723784), (4, 0.0009261567164174098), (6, 0.0025011929623320792), (7, 7.8315188282539988e-05), (8, 0.016487852919951911), (14, 0.00048543928796936011), (17, 3.5445551867311083e-05)]
PauloShakarian,[(0, 0.85587532833302182), (1, 0.029398406305182052), (2, 6.2065119615029154e-05), (3, 0.00014628773999827264), (6, 0.047803418909653228), (7, 0.0002690386114026499), (8, 2.6391153113271328e-05), (9, 2.7044619664299847e-05), (10, 0.00050789972309624003), (11, 0.065185831861752225), (14, 0.00017506102282648263), (15, 0.00050997271075017424)]
AviralShrivastava,[(0, 0.90632058989507425), (2, 0.0010964843757931798), (3, 2.4436358800722953e-05), (4, 0.067564609978150988), (5, 3.4679750538109877e-05), (8, 4.4978345069432279e-05), (11, 2.1932093000347711e-05), (13, 1.0369753613544827e-05), (14, 0.0087169199050619109), (16, 0.016162573022956126)]
DanShunk,[(0, 0.003074541428873223), (1, 3.6143411922163584e-05), (2, 0.00010001170517402773), (3, 0.47325657499488949), (7, 0.00030553140969507431), (8, 0.00052905747239273971), (10, 0.00021758116489624361), (11, 0.12484379928092486), (12, 0.3206524145421259), (13, 0.076976448745593909)]
VioletSyrotiuk,[(0, 0.48348815509831405), (2, 0.0054568409731653314), (3, 0.0035061802959947853), (4, 0.037411106291300948), (5, 1.4256257712130331e-05), (7, 0.012415514091840728), (8, 0.45769608934988926)]
HanghangTong,[(0, 7.9201480814234309e-05), (1, 0.00012208946449408876), (2, 4.7688426795854004e-05), (3, 1.2247241108521254e-05), (4, 1.8780573035948919e-05), (5, 0.00012563755281704242), (6, 0.99909208105431224), (7, 0.00019620737665068552), (8, 2.782795362836428e-05), (9, 0.0002453164343673917), (10, 1.5654977694424477e-05), (12, 1.0771020177196262e-05)]
KurtVanLehn,[(1, 2.3857512032947616e-05), (8, 4.4148761828516651e-05), (10, 0.99983466150609235), (11, 9.2926290672898251e-05)]
JReneVillalobos,[(0, 0.7031556972700217), (1, 0.0030078179856564513), (2, 0.001013637827997158), (3, 0.0001329153595883625), (4, 0.00023592306397921456), (5, 0.0099795223095667605), (6, 9.1777671909662673e-05), (7, 0.011450714231530514), (9, 0.0025744274025860034), (10, 0.0084907898064433829), (11, 0.0016562069372847864), (12, 0.20071574232226799), (13, 0.057157810666431566), (15, 0.00033629952870961941)]
SarmaVrudhula,[(0, 0.90615647925667708), (2, 8.8973994511544057e-05), (4, 0.00079840680460767474), (7, 1.4119793239686967e-05), (8, 8.0130410621439608e-05), (11, 2.8141272849835614e-05), (14, 1.452089690727346e-05), (16, 0.092815183199679213)]
ErinWalker,[(10, 0.998073036337776), (13, 0.0019134105232228816)]
CaroleJeanWu,[(0, 0.00010905568966226915), (4, 0.99572402785884395), (16, 0.0041605914872806758)]
TeresaWu,[(6, 1.1781210773615707e-05), (9, 3.4364261333577362e-05), (12, 0.99994188010471408)]
GuoliangXue,[(0, 0.98550099895034227), (1, 1.5305314143722212e-05), (2, 0.002889434754146171), (3, 0.0097524106397405153), (4, 0.00082181514984390133), (6, 0.00015768752579401398), (7, 0.00017617677206903273), (8, 0.00061989187907440454), (14, 6.6062046854083905e-05)]
YezhouYang,[(9, 0.00021735045097399664), (15, 0.99977085824578227)]
StephenSYau,[(0, 0.00068785472618502228), (1, 0.64411833894079262), (2, 0.03004918048945324), (3, 0.20820251210579552), (4, 0.023803646032859133), (5, 3.4117709252219251e-05), (7, 5.1212645249741716e-05), (8, 0.00014970328158317588), (11, 0.0014239690892497144), (13, 0.090488512276010513), (14, 0.00095885841276562315), (16, 2.6001804833082016e-05)]
