GailJoonAhn,[(0, 0.048519138026758321), (2, 1.7682017869446429e-05), (3, 1.1211969253906375e-05), (4, 0.059583542169600226), (7, 0.00011115608436022976), (11, 1.5375320357188386e-05), (12, 0.044014646995679356), (13, 3.6329226965622848e-05), (14, 0.8476892621555725)]
AshishAmresh,[(0, 0.00033884003871161836), (2, 0.058581183463333526), (6, 0.042851735326553675), (10, 0.27316335719453105), (12, 0.072356956894427713), (13, 0.54286406468933956), (14, 0.0098236817317870866)]
RonaldAskin,[(1, 0.017766746099815222), (2, 5.4385697020089794e-05), (3, 0.017487150006723438), (4, 0.00015848980017901562), (6, 0.1060257169086801), (7, 0.03416168435261533), (8, 0.0005980915164307477), (9, 0.074738148595638945), (11, 0.027252452068706186), (12, 0.34260435778265808), (13, 0.37914342206415697)]
RobertAtkinson,[(0, 0.00035754878528167585), (2, 0.030872028566393376), (6, 0.0010595112466828039), (13, 0.96746638659283768), (14, 0.00023317857682386093)]
JanakaBalasooriya,[(0, 0.85791242564571013), (4, 0.0001099403655126214), (7, 0.0003033905011566662), (12, 0.14160661204476124), (14, 5.1882135534575637e-05)]
AjayBansal,[(0, 0.89667968388393782), (3, 0.083338032511740004), (5, 0.0045636714534006322), (8, 4.9311953969435865e-05), (12, 0.0048365603458944868), (14, 0.010520041140547717)]
SrividyaBansal,[(0, 0.48443051659660719), (2, 0.0004730048147765692), (4, 0.00098312409246777729), (8, 0.00033620268526143588), (12, 0.0041908141761699625), (13, 0.00010051445122523972), (14, 0.50946367980027907)]
ChittaBaral,[(0, 1.7748077478410647e-05), (2, 0.00014101742184510332), (3, 0.19333131598583492), (5, 0.80409947620670807), (8, 0.00032165592272365081), (10, 0.00011192814525434139), (14, 0.0019729967876425092)]
RidaBazzi,[(0, 0.0026502298642722675), (3, 0.024583263029447709), (4, 0.0001174555295064015), (5, 0.16824860674798076), (7, 0.53116129986454363), (10, 0.0021585589366707593), (11, 0.16618218101380347), (12, 0.1009530558521398), (14, 0.0039421529170353591)]
HeniBenAmor,[(0, 3.5637007906283834e-05), (1, 8.9535849559739644e-05), (2, 0.42660128753312432), (4, 0.0013307128756968579), (5, 0.52273669830755476), (8, 0.011516144364660443), (10, 0.026524996201975889), (11, 0.00023286470227563931), (12, 1.6352161049041733e-05), (13, 0.010091749731319894), (14, 0.00082001074612545995)]
NadyaBliss,[(0, 0.00077473505742199124), (1, 0.13791944902402956), (2, 0.047353911966462464), (4, 0.014510639814128335), (5, 0.11871753701025958), (7, 0.0030211125127285023), (8, 0.60222357669447013), (9, 0.00023406518908573363), (11, 0.037668270193892336), (12, 0.035838294759832343), (13, 0.0017352221687424868)]
KSelcukCandan,[(0, 0.0068115594537734581), (1, 0.00059689925356757689), (2, 0.74876068718806033), (3, 0.0025158250676373508), (4, 0.0016494638030861864), (5, 0.00021896412000149484), (7, 0.048989751541197946), (8, 0.11577295994411152), (9, 0.034525293337413963), (10, 6.197441297243007e-05), (11, 0.033582924736305163), (12, 0.0011688708879076179), (13, 0.00097216557254619837), (14, 0.0043724856013623199)]
YinongChen,[(0, 0.98880898397592432), (1, 0.00025900101808449069), (2, 0.00096109385002451139), (4, 0.00065533581627021695), (5, 5.1621498083351371e-05), (7, 0.00041620725977602885), (8, 0.00047252047357749323), (9, 0.00010018835088280832), (10, 1.8058464248123087e-05), (11, 0.0012163190288044777), (12, 0.0044703960785193357), (13, 0.0025265669756817976), (14, 3.7402568292450816e-05)]
CharlesColbourn,[(0, 0.00022565020407007563), (1, 0.00019024792238530992), (2, 1.0301270930219228e-05), (3, 2.9244262963178427e-05), (5, 0.00092075822688373135), (8, 0.00012159941387914672), (11, 0.99843842062352872), (12, 5.3280823471794197e-05)]
JamesCollofello,[(0, 0.0008306041688481093), (2, 0.003034059517837031), (4, 1.2049850788526543e-05), (6, 0.012853067099411291), (8, 0.0081013246487994274), (12, 0.97027214765929137), (13, 0.0048530156104970969), (14, 3.0947648433017127e-05)]
ParthaDasgupta,[(0, 0.022705504185484299), (1, 1.9547818904255985e-05), (2, 2.5651757515150632e-05), (4, 0.12711052097246744), (5, 0.0050740232860578185), (7, 0.0013470383804063877), (9, 9.2657014266305223e-05), (11, 0.0038621270896718272), (12, 0.36468846174999225), (13, 0.0010750723374589942), (14, 0.4739974561080052)]
HasanDavulcu,[(0, 0.11562690726964206), (2, 0.59471986537142274), (3, 0.067945511349590995), (4, 6.2828972538465602e-05), (5, 0.024425733987452777), (6, 9.6066070067242574e-05), (7, 0.0010827233244094547), (8, 0.17424456403930844), (9, 0.00045653122933078823), (10, 0.00019580239849797371), (11, 9.5569878089573823e-05), (12, 0.00021381260088612332), (13, 9.3819138486598766e-05), (14, 0.020739838245373416)]
AdamDoupe,[(0, 0.032508798697964893), (2, 7.7800074247615076e-05), (4, 0.020270142211302303), (5, 3.2880976525589805e-05), (8, 1.2491463769142233e-05), (11, 5.730735057750979e-05), (12, 0.025070969870607134), (13, 0.0031398059009533725), (14, 0.91881965227397921)]
GeorgiosFainekos,[(1, 6.6334710436635809e-05), (3, 5.5664764938862619e-05), (5, 1.1218268218307643e-05), (7, 5.843650269122493e-05), (8, 5.0196690595889223e-05), (10, 0.99945872030565908), (11, 0.00022888822468607658), (12, 5.6923783221099857e-05)]
AshrafGaffar,[(0, 0.097497762106865185), (2, 0.0061668645130110705), (4, 0.0039326131281740978), (5, 0.0036392509505859118), (6, 0.8314880372192871), (8, 0.0051432263798288679), (12, 0.0039638356257805955), (13, 0.019096729127851157), (14, 0.029057107902083872)]
KevinGary,[(0, 0.074192632364915884), (1, 0.03311847778602553), (2, 0.072678083494164769), (3, 0.00015860060438797603), (4, 0.00028053514976564644), (6, 0.0034132401468167425), (8, 0.0003807235844074227), (12, 0.67270553846546577), (13, 0.10937483034393651), (14, 0.033690991739963767)]
EsmaGel,[(0, 0.0022365551494559341), (1, 0.001162036138425068), (2, 0.093595082429383289), (3, 0.00034389172863548775), (4, 0.00028183924867884502), (6, 0.21022337104618319), (7, 0.50426723115552197), (8, 6.5675720978548589e-05), (9, 0.055214492892347845), (10, 2.8984907154891044e-05), (11, 0.00026991782152626292), (12, 0.13171013499797721), (13, 0.00026435674260732621), (14, 0.00033549095902882155)]
JavierGonzalezSanchez,[(0, 0.011878543375875459), (2, 0.00061893007106217975), (4, 0.0012086292456066586), (6, 0.00079002709713493844), (12, 0.0016664362572580971), (13, 0.98368011055799509), (14, 0.00014034254383051429)]
SandeepGupta,[(0, 0.0020957004306358853), (1, 0.039820265190243544), (2, 0.00050949274062803043), (4, 0.027143094308712448), (5, 1.6647105478960627e-05), (7, 0.10241640312548964), (8, 0.00027860535189001275), (9, 0.0003818906188340629), (10, 0.00011472723027651227), (11, 0.055715918073185378), (12, 0.0038127830225265155), (13, 0.76766412879757939), (14, 2.7524755172316322e-05)]
DianneHansford,[(1, 3.7687444613892836e-05), (2, 0.20927317565922879), (3, 0.0049891159186343853), (5, 0.0010327991994668023), (7, 0.0038157104540729059), (8, 0.73467228838044507), (10, 0.034803595325319091), (11, 0.011347580993740761)]
JingruiHe,[(2, 0.0085563688569277943), (8, 0.99143503882503992)]
DijiangHuang,[(0, 0.0002091101654714362), (1, 5.6512759908207889e-05), (2, 3.6895765662463612e-05), (4, 0.96018168678452165), (7, 0.032043091563319727), (8, 0.0009073135439561351), (9, 0.00010933570928763783), (11, 0.0053382579998018454), (13, 3.2987097303475953e-05), (14, 0.0010765453264941903)]
SubbaraoKambhampati,[(1, 8.6325080521926567e-05), (2, 0.0081313285868237131), (3, 0.0054126843785924561), (5, 0.0033860712815622042), (6, 2.4362047050948801e-05), (7, 0.00038869529571386967), (8, 0.016852549921772063), (9, 0.0018780428245538066), (10, 0.0018316574424880299), (11, 0.00051144356983209784), (12, 3.6671660625614619e-05), (13, 0.00020691840093637598), (14, 0.96125264411019273)]
JoohyungLee,[(0, 0.0001679145601018084), (1, 0.0053242876264105636), (3, 0.9942290796549117), (4, 7.5576238686241124e-05), (5, 2.6281455083910539e-05), (7, 5.3999421404091265e-05), (11, 9.1137658870954369e-05), (12, 2.932900083883214e-05)]
YannHangLee,[(0, 0.00034248277782009562), (1, 0.020935516664796316), (3, 5.1489877287881888e-05), (4, 9.4354905149940892e-05), (5, 0.00020025457216270052), (7, 0.016428013254651548), (8, 1.9978603933425253e-05), (9, 0.0001110409859042521), (10, 6.9671452377966918e-05), (11, 0.010988603118546389), (12, 0.94749998676711489), (14, 0.0032549167106441864)]
BaoxinLi,[(1, 0.00011292614351658567), (2, 0.99004008971784507), (5, 0.00010631861547902756), (7, 2.9212218582094157e-05), (8, 0.0094822712184956005), (10, 7.0229899009423188e-05), (11, 0.0001512552177774364)]
TimLindquist,[(0, 0.45900379388778528), (1, 0.0027282679000175673), (3, 0.093474398117602844), (4, 0.0076514718090879936), (5, 0.00037817994857650453), (12, 0.42239935910775855), (13, 0.0031763759159379274), (14, 0.011175561431505599)]
RossMaciejewski,[(0, 0.00029431446402198132), (2, 0.99618580708224813), (4, 0.00038797934718575599), (6, 0.00087930114554008907), (8, 0.00028099192278160018), (12, 0.00020057594684301752), (13, 0.0014880699069404057), (14, 0.00028093157326043586)]
RyanMeuth,[(0, 0.015683602097658865), (1, 0.029074388327098553), (2, 0.17472458186703599), (4, 0.0019589680769581705), (5, 0.38336692116739485), (6, 0.020517390519764905), (7, 0.039820589589191734), (8, 0.031248860890994913), (9, 0.11276750704605079), (10, 0.0029455400290968499), (11, 0.0052831720415948413), (12, 0.075473972901426253), (13, 0.10551858959541005), (14, 0.0016127697041879228)]
PituMirchandani,[(1, 0.00068803589742558906), (2, 1.1807004502436254e-05), (3, 0.0010062461774111454), (6, 2.1642379727912397e-05), (7, 0.020595429603538065), (8, 2.9731107486059662e-05), (9, 0.95793403075245975), (10, 0.00015379712403174758), (11, 0.019403379983937898), (12, 0.0001394009498384664)]
BrianNelson,[(2, 0.0083822940756712282), (6, 5.5851602545336804e-05), (8, 2.8288781908663682e-05), (13, 0.99150387345691404)]
RongPan,[(0, 0.013590427199728835), (1, 0.00085373733349933495), (2, 0.80357275766160408), (3, 0.0012456693421270609), (4, 0.011032262252881113), (5, 0.00013315135726332626), (6, 3.4074271957976869e-05), (7, 0.042246072121688114), (8, 0.02413385565186071), (9, 0.0091539204179735666), (11, 0.087059457189539058), (12, 0.0048305152518857853), (13, 0.0001861106539467514), (14, 0.0019277579631728819)]
SethuramanPanchanathan,[(0, 0.00020186766592928819), (1, 0.0049874603088061143), (2, 0.98404862431698792), (4, 4.3270568827277799e-05), (5, 0.0010057884403902096), (8, 9.03623758309533e-05), (11, 0.00014821428212769314), (12, 0.0013043036529939609), (13, 0.0081610957921304534)]
PaoloPapotti,[(0, 0.00056391541831284488), (1, 2.5763696412180894e-05), (2, 0.77094831998402746), (3, 0.1110752992699147), (5, 0.011573757821553567), (7, 0.00038544614751776651), (8, 0.00039715853692763733), (9, 0.013104652108467308), (10, 0.0095189130196754162), (11, 0.0010849516993278855), (12, 0.00013943857153313489), (14, 0.081177847287239938)]
GiuliaPedrielli,[(0, 5.2087673742035738e-05), (1, 0.047174554373931823), (2, 0.038160604469579709), (3, 0.0011888518176671084), (4, 0.48338441540352117), (5, 7.2426143749963241e-05), (6, 0.023051600433769664), (7, 0.032509192579281768), (8, 0.0067990569595163522), (9, 0.13889001798750183), (10, 0.0044413898738826169), (11, 0.020504022630977184), (12, 0.066982445107817062), (14, 0.13678805947582295)]
FengboRen,[(0, 0.12478172626237585), (1, 0.694401422552401), (2, 0.17009603431588904), (5, 4.7422463177298139e-05), (8, 0.0084329172692717176), (11, 5.627395353969029e-05), (13, 0.0021744490855391996)]
AndreaWRicha,[(3, 4.088349007992805e-05), (4, 5.9852523812955436e-05), (5, 2.3578926005266559e-05), (7, 0.0057558873306325989), (8, 5.987694652194726e-05), (11, 0.99404140325833901)]
GeorgeRunger,[(1, 2.475824929065073e-05), (2, 0.53441447408598008), (3, 0.0046011616658993924), (5, 5.5896597049340714e-05), (6, 0.11116877390420607), (7, 0.22923005679976508), (8, 0.12012052860059377), (9, 0.00029789803987221745), (11, 4.4788347759900648e-05), (13, 1.7299185309834031e-05), (14, 2.1349631111141952e-05)]
HessamSarjoughian,[(0, 0.047400866757447722), (1, 2.4427734300028709e-05), (2, 0.0002798277634335943), (4, 0.92742456756944103), (5, 0.0006711439910528108), (6, 0.00021045725542646529), (10, 0.00028805729236507305), (12, 0.02340950369486575), (13, 0.00027734796642672196)]
MohamedSarwat,[(0, 0.00069026543744057597), (2, 0.0016860029365535812), (4, 2.3403323091861763e-05), (5, 2.0353542758354726e-05), (8, 0.012898826074868022), (9, 0.98292983595925842), (12, 9.3523001318316786e-05), (13, 8.3917216908241277e-05), (14, 0.0015704733362968432)]
ArunabhaSen,[(0, 2.4524503515879288e-05), (1, 0.03652309471199721), (2, 0.00073786441510019323), (3, 0.0007664766655657325), (4, 3.0155330393252387e-05), (5, 0.00016203776976841505), (7, 0.9004370260966057), (8, 0.0044450791536897486), (9, 0.00072041848201651808), (10, 2.3492827804604695e-05), (11, 0.055823227330031956), (12, 0.00025940262380790544), (13, 1.7287082688597789e-05), (14, 2.9624422286555787e-05)]
PauloShakarian,[(0, 2.0496106900684334e-05), (2, 0.0044099010991262904), (3, 0.85922958831675345), (4, 0.04256390560538216), (5, 0.01132048914780537), (7, 0.00070388653050320737), (8, 0.080198331942600357), (9, 0.00022699620008600514), (11, 0.00047475599387447219), (12, 0.00011276194950780501), (13, 0.00015702203647817632), (14, 0.00056912905340597466)]
AviralShrivastava,[(0, 0.00010009382148187855), (1, 0.2033879058331633), (4, 0.00015050681896550149), (5, 0.77562062922065966), (7, 0.00071174824069841064), (11, 0.0012024768354790345), (12, 0.01856674733714745), (13, 0.00024977581267938964)]
DanShunk,[(0, 0.00026113732646883877), (2, 0.0054575574327517615), (4, 0.0038779608940775518), (6, 0.12356966692344427), (8, 0.010387136849958527), (12, 0.85643087308034649)]
VioletSyrotiuk,[(0, 0.00049720721895139114), (1, 0.0012088529802400368), (2, 0.00081100829005886722), (4, 0.0085372493787966575), (7, 0.0016220746040971944), (8, 0.0001593319409265935), (9, 1.8569421460673251e-05), (11, 0.97904628749096467), (12, 0.003065934009993452), (13, 0.0050317130146427741)]
HanghangTong,[(0, 0.00025445425770201331), (1, 2.2185364295776083e-05), (2, 0.0007369057107946774), (3, 5.5172439642654394e-05), (4, 0.00012265761792895128), (5, 3.1288316116221642e-05), (7, 0.011888817959261389), (8, 0.98608983633602787), (9, 0.00018705612153260555), (11, 0.00021251576831458571), (12, 6.925749228807019e-05), (13, 0.00012727586517217586), (14, 0.00020229094672712624)]
KurtVanLehn,[(2, 0.00054488007571737343), (3, 0.045797462384642051), (5, 0.00038883731691230819), (6, 1.7643591732667149e-05), (8, 0.00062809206765036699), (11, 2.576091057469218e-05), (13, 0.95130854794778619), (14, 0.001286264135396051)]
JReneVillalobos,[(1, 0.00038789060547378222), (2, 0.00058160395718272705), (5, 0.10296156537896775), (6, 0.89577914760166155), (7, 8.270293175269805e-05), (9, 0.00014977501786450799), (11, 1.6886975489151553e-05), (12, 3.0801545179080305e-05)]
SarmaVrudhula,[(0, 1.5443263687013933e-05), (1, 0.99924186778084489), (2, 5.552692333254862e-05), (3, 7.7412335230147254e-05), (5, 1.3636505107858901e-05), (7, 0.00013046128268678412), (8, 7.7281923034773947e-05), (9, 1.1607438635492903e-05), (11, 0.00029574699433026981), (12, 5.9428606861856795e-05)]
ErinWalker,[(0, 3.2539416287566275e-05), (2, 0.00029542233711688122), (5, 2.0484585706002029e-05), (8, 5.7584096872081459e-05), (13, 0.99660309746187026), (14, 0.0029847760758321649)]
CaroleJeanWu,[(0, 0.00011956151627071324), (1, 0.12965970417487169), (5, 0.14525771756704328), (11, 1.1038503036094253e-05), (12, 0.0043027085105063504), (13, 0.72064339507971786)]
TeresaWu,[(0, 0.00033737705090340181), (1, 0.01051459503809481), (2, 0.9379348457851614), (3, 0.00012473090257191324), (4, 0.0019681577372643992), (6, 0.021992017951253561), (7, 0.006808353643840602), (8, 0.0020059653502959617), (9, 0.00021075947896623278), (11, 0.00068509807223920624), (12, 0.01452052491204713), (13, 0.0028382952908532202), (14, 5.851080608186536e-05)]
GuoliangXue,[(0, 0.00017840605020370481), (1, 0.0003069242973071602), (2, 4.1321264280720124e-05), (4, 0.00081030146136400552), (7, 0.97918453255119109), (8, 0.00014862856725235919), (9, 4.7473044958429609e-05), (11, 0.019101161353547617), (12, 6.7522489062091004e-05), (13, 6.2820505550340142e-05), (14, 4.7365415892451708e-05)]
YezhouYang,[(2, 0.41807231492258323), (5, 0.57301652058088426), (8, 0.0088978556483871457)]
StephenSYau,[(0, 0.98104618222233686), (1, 0.00070688742680337835), (2, 0.00012642630670350939), (3, 0.00098901484507892597), (4, 0.0083202537259071379), (5, 0.00013804239825173273), (7, 0.0020626906624180959), (8, 0.00021742703845294256), (9, 6.8569600019452811e-05), (10, 3.0912365189154441e-05), (11, 0.0022856547222569151), (12, 0.0021385415483458061), (13, 0.00011541415146847318), (14, 0.0017538180490890682)]
