GailJoonAhn,[(0, 15193.035956109057), (1, -5472.9466431453893), (2, 5557.2534198837802), (3, -4958.9357744867384), (4, 3674.1222524481373), (5, -7113.7675273085251), (6, 3396.4308611151755), (7, -2416.3299465726809), (8, 827.6640405777357), (9, -3065.5823054183843), (10, 63.47625487939797), (11, -22.577372538408309), (12, 254.66427337102743), (13, -815.04134567385904), (14, 254.72638006680205)]
AshishAmresh,[(0, 604.91155532138851), (1, -209.3973658813814), (2, 45.098489253967699), (3, 67.124599870421989), (4, 77.425833184347013), (5, -11.964046424183355), (6, 14.344389192788221), (7, -36.848713704856266), (8, 78.96612115897841), (9, -8.1539726749250061), (10, -73.113117629123479), (11, 0.16624748548370361), (12, 33.602870672584729), (13, 11.717318306378157), (14, -273.39661310999116)]
RonaldAskin,[(0, 814.03989195369729), (1, -101.26151397676276), (2, -11.0414969833712), (3, 87.635403561679041), (4, -192.43914047898727), (5, 95.419761404229988), (6, 92.401721498633691), (7, -100.76306534947689), (8, -1.6847127718066686), (9, -123.9194084523222), (10, -5.4150013966317285), (11, -6.2551839584673976), (12, 31.419999508312397), (13, -65.782218956136845), (14, -87.447394602252686)]
RobertAtkinson,[(0, 1449.8186289241182), (1, -557.09324208332919), (2, -117.55118721220018), (3, 221.78662928125448), (4, 216.371948965222), (5, 57.246246078768763), (6, 11.191947210320842), (7, -48.641389284597309), (8, 276.17484472105394), (9, 87.822781875027317), (10, -215.29731427429346), (11, 98.639792750042716), (12, -164.00990514808484), (13, -0.81658037558885654), (14, -1141.3966393858934)]
JanakaBalasooriya,[(0, 1474.5656530874646), (1, -868.05650534568224), (2, 993.87106176719317), (3, -305.78990350896896), (4, 69.552907827958933), (5, 467.1480347671104), (6, -421.67364193587724), (7, 563.66240630574475), (8, -28.872750498550737), (9, 278.3929933520792), (10, 243.52131092753248), (11, 137.88945660621258), (12, -48.910613580085922), (13, 39.272416258178879), (14, 147.95353000325957)]
AjayBansal,[(0, 1540.0978563271449), (1, -982.6206418011302), (2, 714.27733975474507), (3, -706.40698572267218), (4, -30.622598498807651), (5, 739.33255624307083), (6, -315.9310003098505), (7, 1028.8518327784489), (8, -93.835691409105166), (9, 457.7779847063461), (10, 577.8251486713234), (11, 323.33904176285625), (12, -169.16609700091232), (13, 106.44740292055741), (14, 257.84607325438651)]
SrividyaBansal,[(0, 4757.6591039995674), (1, -2139.2175924868538), (2, 1691.7701226454512), (3, -1249.5090980008483), (4, 1050.5050685454862), (5, -320.64652695458835), (6, -203.93020562134475), (7, 597.45292878665828), (8, -251.49524190212577), (9, -102.87421006425816), (10, 519.89668362208067), (11, 200.27261335772593), (12, 315.1406870438409), (13, -81.158036310823576), (14, -8.0807076723518847)]
ChittaBaral,[(0, 10035.555053853335), (1, -3939.435293910482), (2, -5447.2903215103815), (3, -2653.8887165679507), (4, -2632.9451266839774), (5, -246.66861484463163), (6, 4639.8212471987554), (7, 1062.5167766139418), (8, -1154.5262554079111), (9, 4264.4737920914877), (10, -729.32454102244128), (11, 682.71866899700547), (12, -268.47254324624447), (13, 388.55236649982101), (14, -504.67184409528528)]
RidaBazzi,[(0, 3649.6852694708114), (1, -420.10897203576718), (2, -185.1361597303426), (3, 149.04310743254638), (4, -1160.4546260656302), (5, -314.5830201576743), (6, 1061.5743834505593), (7, 703.63304216231609), (8, -177.1745068247296), (9, 510.27767597504328), (10, -597.64572674174644), (11, -478.26984118065303), (12, -73.377246678627785), (13, -1091.7761927027718), (14, 141.67884868037268)]
HeniBenAmor,[(0, 3061.544221762083), (1, -961.87163973556699), (2, -799.51053615607907), (3, 583.33198527313334), (4, 274.46314217495677), (5, 406.80859431482719), (6, -20.190927790496939), (7, -407.81811086091909), (8, 725.12580819362779), (9, 187.33654591692968), (10, -178.10179078186329), (11, 10.747375520700707), (12, -178.14765574227815), (13, -224.69159000544161), (14, -329.88253752594835)]
NadyaBliss,[(0, 2697.3746948107205), (1, 222.94060252504772), (2, -167.40812186487813), (3, 744.06196513519069), (4, 472.04339448357968), (5, 151.83058983308965), (6, 56.978322551028292), (7, 104.15109654201113), (8, -361.66064708066682), (9, -360.13558893414324), (10, 104.14980421056588), (11, -99.399702340446467), (12, -379.89437000884539), (13, 310.36430871348341), (14, 125.26895921249897)]
KSelcukCandan,[(0, 12310.509722413903), (1, 356.2435825754178), (2, -2274.6266499159606), (3, 863.00345403447795), (4, 3147.2033187213638), (5, -885.39690287453095), (6, -1983.9888733304731), (7, 1920.5742691961102), (8, -3766.0348965470489), (9, 142.66854372738808), (10, 380.10460703769434), (11, 259.39332096937784), (12, 3486.0270475850343), (13, -2187.3141987171025), (14, 365.47905065725575)]
YinongChen,[(0, 13288.513702962307), (1, -6009.3700135001345), (2, 7865.8383872751947), (3, -1578.142005284891), (4, -494.06700168184256), (5, 5308.8328950888772), (6, -2764.9311220311961), (7, 4300.6098884015655), (8, 265.67076973491925), (9, 796.2603880141811), (10, 1678.0116221426317), (11, 354.61795506616653), (12, -48.180049300669388), (13, 698.8293119870699), (14, 642.74374526608881)]
CharlesColbourn,[(0, 9610.0194610831641), (1, 1717.9787403997993), (2, -838.65772821273742), (3, 1096.0945060590564), (4, -1508.7548868363722), (5, 1717.7416028780428), (6, 2805.9436910402801), (7, 5372.5723712848667), (8, 2685.737287329418), (9, -4783.671883191435), (10, -4605.1236933059708), (11, 661.86676475213289), (12, 1974.336457736584), (13, 1356.981478355943), (14, 187.74631156793464)]
JamesCollofello,[(0, 2700.2999346461588), (1, -1109.9503449632159), (2, 451.51965419811427), (3, 461.7957415537864), (4, -467.19536529971657), (5, 736.5406260573136), (6, 162.59160135360526), (7, -263.38989981379956), (8, -98.504280929501135), (9, -521.62045807902916), (10, -214.78701344926864), (11, -226.61807012306369), (12, 56.981335839007528), (13, 43.219771512535736), (14, -587.3682856929338)]
ParthaDasgupta,[(0, 4570.4606095291701), (1, -935.15726421807005), (2, 1416.502374562582), (3, 67.216030156299354), (4, -164.32743723475789), (5, -858.51339776374653), (6, 17.340385829139731), (7, 178.65518406408273), (8, -33.638871035284353), (9, 555.3613612382843), (10, -758.88895735294273), (11, -681.37368318832421), (12, -516.31550161814732), (13, -771.79316647409371), (14, -354.65876651915988)]
HasanDavulcu,[(0, 4705.5791233690161), (1, -755.08234002899906), (2, -590.65153257438226), (3, -4.5540050834133199), (4, 1175.8869072926157), (5, 165.25695345525131), (6, 231.66282651704077), (7, 327.45204775722709), (8, -605.39479505713439), (9, 345.66094263583517), (10, 295.28325345142582), (11, -57.786245313247662), (12, 436.37454985844801), (13, -205.22160416956794), (14, -122.07363830936836)]
AdamDoupe,[(0, 2637.4999144848525), (1, -888.96145834848801), (2, 613.94508007038746), (3, -353.58499982614842), (4, 282.67837537299033), (5, -650.78207683667415), (6, 117.80795711526748), (7, 241.36354786381119), (8, 108.6479498151994), (9, -78.292971892409724), (10, -200.95846611349171), (11, -111.794421580837), (12, -326.28084316824237), (13, 160.8240138006974), (14, -37.92775864360739)]
GeorgiosFainekos,[(0, 5845.9583058380895), (1, -1033.6761578506744), (2, -607.99851181534791), (3, -164.92603682652052), (4, -1574.8446562018482), (5, 519.30581873299627), (6, 1176.6448725331616), (7, -231.4168670200747), (8, 183.75486939923206), (9, -121.0639235898315), (10, 461.05865174570766), (11, -387.36210067647079), (12, 356.82568724655079), (13, -932.19994699046106), (14, -171.39260383937818)]
AshrafGaffar,[(0, 824.11380104731973), (1, -363.71379359640082), (2, 70.27482105205992), (3, 76.316267071115291), (4, 44.952743261957494), (5, 118.10177809742639), (6, 78.711283145920902), (7, -154.01614690446081), (8, -2.9014638748074373), (9, -157.79071928657405), (10, -27.887777210481033), (11, -30.890289658121169), (12, 62.409780103420367), (13, -5.623224062781409), (14, -165.87475858602946)]
KevinGary,[(0, 1514.3310731094516), (1, -683.73589459673315), (2, 275.4887683644647), (3, 49.105902038547981), (4, 33.847592412793425), (5, 211.80817135856546), (6, 20.945326864163423), (7, -47.706086754778795), (8, 8.7758052036473604), (9, -95.728509298518517), (10, -116.38449341916716), (11, 3.6194855197832823), (12, -79.220401958794795), (13, -213.21248521760907), (14, -401.77702449345276)]
EsmaGel,[(0, 2122.8705689882991), (1, -223.2496812923813), (2, -121.48411162162206), (3, 112.64170848302368), (4, -295.15730444561973), (5, 225.32462506416431), (6, 143.00384022610402), (7, 53.250370878908271), (8, 218.02247766280314), (9, -232.64030131833107), (10, 260.20038162704242), (11, 44.562986167735424), (12, 218.189228442103), (13, -64.861783831153261), (14, 45.559181005259894)]
JavierGonzalezSanchez,[(0, 1026.5895230824999), (1, -380.24507528854662), (2, 73.399167386671422), (3, 103.59083905240698), (4, -50.423246232739665), (5, 241.15060613304266), (6, 66.395330075687198), (7, -325.66974136011015), (8, -6.370290807382335), (9, -50.071709361321844), (10, -212.50710153602856), (11, -47.435984123160715), (12, -93.337363474306756), (13, -106.05607549051417), (14, -778.65236631312916)]
SandeepGupta,[(0, 18224.919889361587), (1, 3719.2031316515136), (2, 3205.9059232002655), (3, 2734.8169892461119), (4, -2116.2249028064057), (5, -1291.0562246804404), (6, -3837.687814774642), (7, -3649.6679839485378), (8, -2043.4291734853041), (9, 2756.9470961266497), (10, -4089.3671901810471), (11, 2549.2487756858254), (12, 1109.0352038783913), (13, 1770.8950399890291), (14, -75.954176224820259)]
DianneHansford,[(0, 324.2330705066019), (1, -7.7626546828951701), (2, -58.698261888898188), (3, 71.444310431874484), (4, 54.164370550657516), (5, 15.636069623229623), (6, 102.42649205018952), (7, 3.2885707393211301), (8, 66.521438671391607), (9, 0.57999520635860446), (10, -3.1057771639773879), (11, -13.972795146914429), (12, 19.85853020577466), (13, -24.178390507006878), (14, 2.5652814395516499)]
JingruiHe,[(0, 5237.053988905931), (1, -508.63043099666061), (2, -1875.2771625372895), (3, 1475.9496437143398), (4, 2359.0001497015028), (5, 653.88302451264826), (6, 290.28315518679813), (7, 215.46826510743796), (8, -303.47036742638647), (9, -55.14198252520341), (10, 465.25250706306144), (11, 52.773532087952979), (12, -183.19143205716438), (13, 166.79891137293851), (14, 169.17649946712098)]
DijiangHuang,[(0, 10695.498669625515), (1, 909.63233485444675), (2, 3683.4811418065233), (3, -2839.4490294109073), (4, 1492.1288352056222), (5, -2027.107915179053), (6, -804.91956410951479), (7, -1526.9692881656069), (8, 711.55165303044657), (9, 600.63277580514375), (10, -1772.6092648389915), (11, 909.26000590508443), (12, -1101.6258977153143), (13, 2119.5150044583283), (14, 1600.3141688698252)]
SubbaraoKambhampati,[(0, 16114.431372367273), (1, -7432.2231480112641), (2, -11541.087381371013), (3, -5200.3317393815505), (4, -3972.9863677745557), (5, -790.54168432458027), (6, -5684.7640690540265), (7, -852.96678132262139), (8, 1714.2809982844667), (9, -1606.1350462877474), (10, 29.851233617724226), (11, -91.031466521905742), (12, -813.23959714188084), (13, 199.41092560761214), (14, 657.55669667798793)]
JoohyungLee,[(0, 5167.0213249064391), (1, -1357.6424154283679), (2, -1667.6657123981065), (3, -772.26230540012807), (4, -2326.8411862400544), (5, 127.53527886621339), (6, 5264.9621710814554), (7, 320.88901698256171), (8, -1756.988048137765), (9, 2345.0414614326683), (10, 452.32958114327744), (11, 4.1049312106120697), (12, 517.99199969303368), (13, 1794.6815682099898), (14, 1142.1663723232398)]
YannHangLee,[(0, 9016.1906079466407), (1, -696.07088364916626), (2, 1954.3421103118903), (3, 1346.2311173645944), (4, -2302.3950024741334), (5, -351.68858492012839), (6, -284.38142734013303), (7, 966.57546774735647), (8, 262.53434830990574), (9, 298.2193108648712), (10, -320.82449712289133), (11, -795.98028867690152), (12, -370.83073234095372), (13, -1992.8790058536649), (14, -553.21397148617848)]
BaoxinLi,[(0, 9985.87878544462), (1, -2268.3690929862628), (2, -2774.8233910492563), (3, 4611.4962286819227), (4, 4592.5395785680339), (5, 1918.0235589907747), (6, 1251.8394463340321), (7, -1603.7329702468401), (8, 3614.5400027125766), (9, 1398.7671388022502), (10, 60.234804815059697), (11, -469.83870584389933), (12, -1073.2550811926012), (13, -225.57368177213871), (14, 1913.0124478416374)]
TimLindquist,[(0, 1223.8192927201899), (1, -658.65399474878427), (2, 479.64565257559946), (3, -66.309271488834639), (4, -101.00156132356342), (5, 149.65225399809015), (6, 19.591165300762935), (7, 157.6934840461229), (8, 20.968256843819269), (9, 14.967322979501681), (10, -28.837399434319003), (11, -52.747143892192192), (12, -90.304431859327764), (13, -189.40655863129851), (14, -143.32588792940456)]
RossMaciejewski,[(0, 6906.5835410429836), (1, -1972.8938036174673), (2, -399.97952776081553), (3, 2295.0065564172246), (4, 2903.8955025882533), (5, -377.75760970520861), (6, -666.47551490332592), (7, -562.17612110462517), (8, -379.83226917141997), (9, 386.27851579843497), (10, -73.904921839348532), (11, -238.53054787904631), (12, 2427.3087671203666), (13, -226.67334842869107), (14, -1238.5612868590435)]
RyanMeuth,[(0, 678.56420883621354), (1, 3.2623405811454851), (2, -57.628946763905418), (3, 114.82774949156347), (4, -13.899785701264364), (5, 30.840946935092482), (6, -35.00945792528217), (7, 42.72850416551104), (8, 113.48615583508641), (9, 7.1848376162358143), (10, 65.162069489549054), (11, -42.683013571628969), (12, -32.526908630864384), (13, -2.7409320205117989), (14, -102.97903260605898)]
PituMirchandani,[(0, 4749.3644093890607), (1, 1109.6428433578828), (2, -601.96812198821351), (3, -284.9372229286792), (4, -525.0678130096303), (5, 545.36757940133896), (6, 680.50837724217229), (7, 499.50978198478231), (8, 261.03420010980955), (9, -673.9483225975863), (10, 775.82656256499308), (11, -279.63623988583316), (12, -112.90603869024694), (13, -20.429345250388121), (14, -113.56268754672622)]
BrianNelson,[(0, 536.38633154106765), (1, -190.01319464610859), (2, -46.187077355098673), (3, 95.38269085381063), (4, 109.0258952261692), (5, 50.049908059186237), (6, 5.2309035437814684), (7, 11.623561045845593), (8, 83.48442959260494), (9, -9.5015630249302365), (10, -137.55256428536381), (11, 7.0318368237178639), (12, -28.580267962470696), (13, -5.8346173490288811), (14, -592.22170350038061)]
RongPan,[(0, 8721.8368481225425), (1, -760.03256074313879), (2, -1057.0907279738647), (3, 1108.8805043451032), (4, 1292.8197203082091), (5, 1092.9834449660727), (6, 12.954937068536255), (7, -467.15961054773601), (8, 304.52167074573822), (9, -655.8332767074927), (10, 212.3355877181036), (11, -284.14233158198925), (12, 832.05368651353297), (13, 566.6168190069576), (14, 407.66824563383091)]
SethuramanPanchanathan,[(0, 11828.075531580105), (1, -2914.8074802492097), (2, -1729.6880315460976), (3, 5066.1102696600938), (4, 4336.2401269100774), (5, 933.86350600551339), (6, 466.15266617786301), (7, -1016.1206918991622), (8, 3712.6523624307515), (9, 1736.3777243756931), (10, -784.1287122637234), (11, -383.58314584307846), (12, -93.308339269958452), (13, -727.02241330094012), (14, 162.08464900722504)]
PaoloPapotti,[(0, 7034.6197619527047), (1, -1438.300930382354), (2, -1758.0515895435285), (3, 410.10548342104852), (4, 478.25447828804971), (5, -1485.6954292887524), (6, -313.84374728341896), (7, 1720.423976770516), (8, -1629.1046040854683), (9, 648.19889047878678), (10, 358.96626064499031), (11, -706.9090224677899), (12, 3742.2536323136296), (13, -781.79208127119841), (14, 507.6655731977965)]
GiuliaPedrielli,[(0, 1712.111462215661), (1, -362.22185950600112), (2, 128.31217483129484), (3, 251.43742991082161), (4, -462.84778787214753), (5, 529.37053522211886), (6, 324.35043217768094), (7, -528.3391841295246), (8, -107.55826427910009), (9, -422.53951395092076), (10, 167.73549236933903), (11, -329.44004600943833), (12, 162.30126234024652), (13, -39.090804300433142), (14, 61.174555690232737)]
FengboRen,[(0, 1492.6812165710166), (1, -21.580244238860878), (2, 21.583991211114665), (3, 791.92582535524446), (4, -35.355172105672288), (5, -154.27009994329688), (6, -118.91339163916477), (7, 99.594273470401376), (8, 177.86681073869619), (9, -19.224113103027094), (10, 98.098116430439362), (11, 144.46387136933163), (12, 27.788528622153155), (13, 69.129640886162619), (14, 42.352958202925272)]
AndreaWRicha,[(0, 9593.8180774805805), (1, 6334.5995778033421), (2, -616.33431247515159), (3, -1732.698968771331), (4, -934.83387535303245), (5, 1449.848661345965), (6, 785.57421423368589), (7, 88.246396554062045), (8, -1223.0663746316409), (9, 220.2519293092937), (10, -2879.1694121747819), (11, -218.00368945424339), (12, -2462.5128219818976), (13, -4930.4895297959847), (14, 1402.7322978763448)]
GeorgeRunger,[(0, 3014.5365634234199), (1, -398.86902316416575), (2, -799.90048454617022), (3, 868.21923263020915), (4, 869.91714759661124), (5, 258.94311209566206), (6, 105.59117767949019), (7, 9.1000117413854209), (8, -53.984821935623444), (9, 166.55717164368531), (10, -94.277301727499349), (11, 144.29547837596431), (12, 562.88127758200289), (13, 199.96228501333488), (14, -102.83923557349659)]
HessamSarjoughian,[(0, 8586.3223652964462), (1, -4711.690284469435), (2, 2723.2518217541087), (3, 982.25418885686895), (4, -3454.9414166910456), (5, 5788.7504219287903), (6, 1881.0895206450291), (7, -6285.6813775378378), (8, -2898.1764128940044), (9, -2882.665800677888), (10, 113.11944637503119), (11, -2963.972072048899), (12, 977.54124577058963), (13, 50.88550387301305), (14, 588.47683942847402)]
MohamedSarwat,[(0, 3895.6051883270989), (1, -411.75355139969128), (2, -388.1923522426128), (3, -138.88757548142624), (4, 1116.3011663623997), (5, -486.96876537395553), (6, -708.05165192804213), (7, 121.71562603314186), (8, -974.89499928245584), (9, -321.70536388558287), (10, 362.8302343878479), (11, -343.6533270653058), (12, 686.14020799855757), (13, -52.070250186877175), (14, -205.16369342025854)]
ArunabhaSen,[(0, 8534.8689973305445), (1, 5338.2718552814913), (2, -653.21713499972782), (3, -1336.5161962118825), (4, -292.36857589780737), (5, 813.67484772494265), (6, 167.63127499596706), (7, 240.89133286340547), (8, -824.14302060057105), (9, -445.52430552753839), (10, 106.15625201658311), (11, -126.84479892073121), (12, -874.54698006124727), (13, 32.847703965721678), (14, -30.835643337209831)]
PauloShakarian,[(0, 9519.7711969510256), (1, 745.51692240428054), (2, -2466.7156207122807), (3, -898.80587780550138), (4, 28.862237505441271), (5, 78.999526651701274), (6, 3446.084104758047), (7, 980.54240720340351), (8, -1513.1296277072493), (9, 677.1630482232016), (10, 391.43544603935334), (11, 183.71775142928823), (12, -249.03792816375272), (13, 1092.3651437459755), (14, 477.50938224406076)]
AviralShrivastava,[(0, 10716.461217232947), (1, -767.43746117274964), (2, 1580.2407965519878), (3, 6429.5353193505289), (4, -3661.6329923546136), (5, -5097.3255606587018), (6, -1147.6569310756474), (7, 2899.137082662688), (8, -1157.8687380434374), (9, 72.97818711500409), (10, 166.08121573223858), (11, -5336.9913912050652), (12, -2180.2219287003331), (13, 1002.8622805908913), (14, 124.04399953912723)]
DanShunk,[(0, 1222.4037967836559), (1, -503.46917464581065), (2, 183.01582673035824), (3, 202.54686072204666), (4, -257.55647235473845), (5, 390.82509261305228), (6, 191.56855458034096), (7, -495.65009209177674), (8, -149.51338021428231), (9, -330.50859151136336), (10, -22.246016751762912), (11, -130.4792048778298), (12, 89.959397749165959), (13, -31.838507295595367), (14, -94.468246895678192)]
VioletSyrotiuk,[(0, 6336.6002278144988), (1, 2881.6448924783876), (2, 540.134778203623), (3, 69.124811560957639), (4, -946.17210325600865), (5, 838.10378958790102), (6, 17.118858789600178), (7, -484.1874543221146), (8, 422.49849390753616), (9, -1066.5300509484371), (10, -2287.9311574615831), (11, 403.47152216513007), (12, -158.85891853256049), (13, 189.03326749546625), (14, 317.26259415431861)]
HanghangTong,[(0, 15292.094542003397), (1, 3371.5812587922092), (2, -3677.259669412635), (3, 470.06548278723199), (4, 6506.4036824616906), (5, 1448.9066570215914), (6, -300.56546339315628), (7, 1073.9478001712359), (8, -4704.0866956921755), (9, -2591.7116561745829), (10, 1176.2975321433405), (11, 790.08370777241657), (12, -3480.3572081503894), (13, 1639.3405903956427), (14, -726.78039393178358)]
KurtVanLehn,[(0, 5135.6276219099354), (1, -1660.9328670115192), (2, -1032.1136170381674), (3, 113.36352713437712), (4, -140.54251818965497), (5, 673.40343061997066), (6, 931.67985740006247), (7, -707.64930893520761), (8, 379.10764733116065), (9, -17.915268592120039), (10, -1252.1306429192816), (11, -83.919148272187911), (12, -529.54747481457093), (13, -125.20321662773942), (14, -5157.511890489478)]
JReneVillalobos,[(0, 1399.6361600534576), (1, -403.26630656802723), (2, -188.06702004913245), (3, 243.67446815190138), (4, -55.945559873092911), (5, 205.52843852028252), (6, -4.1354211461159558), (7, -210.25168855956107), (8, 157.75091392875919), (9, -129.59680342303389), (10, 16.066661278699645), (11, -24.655446071305196), (12, 99.967167299099444), (13, 48.972398652892608), (14, -117.85466365086626)]
SarmaVrudhula,[(0, 13539.539159283107), (1, 1421.3624235434077), (2, 99.060798648996723), (3, 6380.8809690821663), (4, -5597.072309299655), (5, -1972.4458156638802), (6, 1269.6074676193577), (7, -713.88344669315711), (8, 715.06909115528617), (9, -2114.1362368182704), (10, 4238.9519699958701), (11, 5253.4189481834755), (12, -405.08079436585535), (13, -903.09243152057718), (14, 20.569047685388643)]
ErinWalker,[(0, 2522.3727462019215), (1, -1195.9908861949552), (2, -331.15236044607042), (3, 9.9580674657142634), (4, 162.89511518225817), (5, 262.48264047504216), (6, 102.84486970028264), (7, -376.75300517827031), (8, 345.89878925348688), (9, 0.27875836382498775), (10, -633.87966713416131), (11, -37.618097573158074), (12, -284.20696122268669), (13, -114.0189709138657), (14, -2908.4658050161988)]
CaroleJeanWu,[(0, 2810.59373611715), (1, -405.35475443791256), (2, 715.63045564441325), (3, 1650.5338110218611), (4, -672.77909737782295), (5, -1283.6655887833053), (6, -652.30289375613631), (7, 496.73327386497613), (8, -168.52901722402191), (9, 256.48179671725433), (10, -360.24061695561284), (11, -1087.6856799396883), (12, -578.48994816222046), (13, 522.80167275209897), (14, 14.113402750807744)]
TeresaWu,[(0, 4986.6216576477445), (1, -837.11848778864578), (2, -586.5878446374719), (3, 1579.4580692413269), (4, 905.31821430379114), (5, 660.51156704725349), (6, 281.30251310132422), (7, -614.10259450068725), (8, 466.73609691811657), (9, -164.03504168361073), (10, 102.18567047014025), (11, 23.81583065531311), (12, 58.004940374324406), (13, 50.35856274984328), (14, 80.771097004526396)]
GuoliangXue,[(0, 23413.359916296704), (1, 13134.704194096023), (2, 797.42239697723426), (3, -4317.3483741835762), (4, -598.03396620279057), (5, 773.84076922146414), (6, -151.27002574653548), (7, -844.83490150291561), (8, 3536.8129256147704), (9, 1139.6029280184675), (10, 3362.6281732656948), (11, -2548.3013530392568), (12, 1646.1724291937903), (13, 648.36642602071686), (14, -932.22889314526435)]
YezhouYang,[(0, 2918.7336007524605), (1, -1160.6122691836219), (2, -1029.8691835070704), (3, 569.80461787169952), (4, 609.73199514010025), (5, 469.21621637414268), (6, 500.85904366513961), (7, -423.99031003093796), (8, 873.55482982436808), (9, 809.93314616212353), (10, -227.94316142168219), (11, 28.834661029800827), (12, -617.39841135657343), (13, -231.87845524656888), (14, -150.20629187286801)]
StephenSYau,[(0, 14630.124648695524), (1, -5070.7336087910617), (2, 6607.9093838325371), (3, -2256.4952888155931), (4, -25.071292929532117), (5, 1271.7735220307281), (6, -330.45414297864642), (7, 1928.1361913545766), (8, 135.45243808539416), (9, 1613.3007880072371), (10, 249.61515697500604), (11, 1411.3123889887622), (12, -1588.5223819379025), (13, -975.52791351576707), (14, -744.90361367780088)]
