Ruben Acuna
------------------------------------
7
Gail Joon Ahn
------------------------------------
201
Ashish Amresh
------------------------------------
16
Ronald Askin
------------------------------------
12
Robert Atkinson
------------------------------------
3
1
38
1
5
34
Janaka Balasooriya
------------------------------------
17
Ajay Bansal
------------------------------------
26
3
Srividya Bansal
------------------------------------
0
33
Chitta Baral
------------------------------------
198
Rida Bazzi
------------------------------------
56
Heni Ben Amor
------------------------------------
48
Nadya Bliss
------------------------------------
1
30
0
Kevin Burger
------------------------------------
1
Debra Calliss
------------------------------------
2
K Selcuk Candan
------------------------------------
220
0
Linda Chattin
------------------------------------
Yinong Chen
------------------------------------
136
Charles Colbourn
------------------------------------
260
0
James Collofello
------------------------------------
3
35
Partha Dasgupta
------------------------------------
63
59
Hasan Davulcu
------------------------------------
81
Adam Doupe
------------------------------------
27
Adolfo R Escobedo
------------------------------------
1
Georgios Fainekos
------------------------------------
71
Xuerong Feng
------------------------------------
6
Ashraf Gaffar
------------------------------------
13
Kevin Gary
------------------------------------
15
12
Esma Gel
------------------------------------
22
Javier Gonzalez Sanchez
------------------------------------
1
22
1
Jeffrey Goss
------------------------------------
Kanika Grover
------------------------------------
4
Sandeep Gupta
------------------------------------
28
171
171
3
5
Dianne Hansford
------------------------------------
17
Jingrui He
------------------------------------
68
Sharon Hsiao
------------------------------------
0
Dijiang Huang
------------------------------------
111
Cheryl L Jennings
------------------------------------
1
Feng Ju
------------------------------------
1
8
7
1
0
1
1
4
1
1
1
5
1
1
1
2
34
1
8
1
56
1
1
1
118
1
22
1
3
2
1
1
18
1
24
1
1
1
1
2
2
1
3
2
1
1
1
4
1
2
1
1
1
2
18
3
1
1
1
1
2
116
3
1
2
1
1
1
1
2
1
3
2
1
1
7
2
1
1
6
1
2
1
1
2
1
1
5
5
1
8
2
1
1
1
1
1
1
23
1
1
1
1
1
1
2
1
1
1
31
1
18
1
2
2
1
2
1
1
Subbarao Kambhampati
------------------------------------
234
Yoshihiro Kobayashi
------------------------------------
7
Joohyung Lee
------------------------------------
2
81
Yann Hang Lee
------------------------------------
104
Baoxin Li
------------------------------------
146
Jing Li
------------------------------------
1
1
1
1
2
1
1
1
21
1
1
1
2
1
2
1
3
1
1
3
17
1
3
23
1
1
51
1
1
9
24
2
1
2
1
1
1
1
1
1
1
1
7
1
1
1
1
2
1
Tim Lindquist
------------------------------------
1
18
Huan Liu
------------------------------------
1
2
1
1
4
3
297
1
1
5
1
1
430
1
1
2
1
8
1
14
1
3
13
1
2
1
1
6
8
4
4
2
2
2
3
9
1
28
1
1
2
1
19
1
1
1
1
1
2
1
1
Ross Maciejewski
------------------------------------
67
Daniel R McCarville
------------------------------------
Alexandra Mehlhase
------------------------------------
4
Ryan Meuth
------------------------------------
10
Phill Miller
------------------------------------
7
Pitu Mirchandani
------------------------------------
0
45
Douglas Montgomery
------------------------------------
4
38
Mutsumi Nakamura
------------------------------------
7
Brian Nelson
------------------------------------
2
19
Rong Pan
------------------------------------
1
112
1
2
5
2
9
1
1
7
Sethuraman Panchanathan
------------------------------------
223
1
Paolo Papotti
------------------------------------
72
Ted Pavlic
------------------------------------
0
Giulia Pedrielli
------------------------------------
20
Fengbo Ren
------------------------------------
24
Andrea W Richa
------------------------------------
90
George Runger
------------------------------------
0
45
Hessam Sarjoughian
------------------------------------
69
Mohamed Sarwat
------------------------------------
32
Jorge Sefair
------------------------------------
1
Justin Selgrad
------------------------------------
Arunabha Sen
------------------------------------
107
Paulo Shakarian
------------------------------------
82
Aviral Shrivastava
------------------------------------
102
Dan Shunk
------------------------------------
16
Violet Syrotiuk
------------------------------------
86
Farideh Tadayon Navabi
------------------------------------
Hanghang Tong
------------------------------------
156
Kurt VanLehn
------------------------------------
121
J Rene Villalobos
------------------------------------
12
Sarma Vrudhula
------------------------------------
149
Erin Walker
------------------------------------
48
Yalin Wang
------------------------------------
1
104
1
Richard Whitehouse
------------------------------------
2
Carole Jean Wu
------------------------------------
21
Teresa Wu
------------------------------------
52
3
Guoliang Xue
------------------------------------
83
251
Yezhou Yang
------------------------------------
33
Sik Sang Yau
------------------------------------
0
Nong Ye
------------------------------------
48
2
Fran Zenzen
------------------------------------
Yu Zhang
------------------------------------
2
1
1
3
10
1
1
1
1
1
2
1
12
1
34
1
1
2
2
3
1
2
1
1
1
5
1
1
1
1
1
6
1
2
1
1
1
7
1
1
2
1
1
8
1
1
1
1
2
4
2
2
4
1
1
1
2
2
1
2
1
10
29
2
5
1
2
14
1
1
4
1
1
22
1
3
3
1
1
4
1
1
1
1
1
3
2
4
3
1
1
1
1
1
1
1
10
1
1
2
5
3
1
4
2
1
2
1
2
1
1
14
8
1
1
1001
4
2
1
6
2
7
2
2
1
5
1
1
2
3
5
1
1
1
1
7
3
1
86
1
1
1
2
1
1
1
2
2
1
1
1
1
1
1
3
2
1
2
3
4
1
2
2
1
19
1
5
1
1
310
1
28
1
2
4
1
3
1
1
2
1
1
1
1
3
79
5
1
2
3
5
2
1
3
1
3
2
11
2
5
9
1
1
3
1
1
1
1
4
2
2
8
69
1
13
2
4
5
17
2
4
2
47
1
1
1
1
3
1
7
1
1
1
1
5
5
6
11
142
9
4
31
1
7
2
4
11
29
1
1
24
53
1
25
11
1
3
2
2
74
2
244
2
3
1
8
1
2
4
1
1
1
9
1
1
1
1
1
1
5
5
2
2
13
1
1
2
3
1
9
4
3
4
40
14
1
16
1
4
2
4
1
3
31
2
3
1
5
1
2
3
9
3
1
14
2
1
11
14
1
13
2
12
1
3
7
5
1
57
14
5
1
3
2
2
3
9
7
5
3
44
1
22
1
4
5
20
9
5
1
2
61
17
2
2
36
1
5
5
1
2
1
14
1
1
41
17
5
6
34
4
28
3
7
12
6
24
7
28
311
1
2
2
1
1
7
1
1
1
1
2
1
1
1
1
1
1
3
2
1
2
2
2
1
2
14
1
1
2
1
2
1
1
3
3
1
1
20
51
16
2
3
2
1
2
4
7
19
1
2
2
1
3
1
11
1
5
14
1
6
7
4
5
4
24
8
3
3
2
186
19
14
3
6
1
1
1
18
60
2
22
1
1
1
1
6
4
4
3
2
7
2
5
1
1
6
1
7
1
6
1
4
1
3
1
2
27
1
3
19
40
9
21
11
5
16
123
1
13
1
81
3
4
4
3
7
37
2
1
5
8
4
48
3
7
5
5
2
8
33
4
0
6
2
1
11
7
13
2
6
8
2
1
7
13
5
6
28
12
2
1
3
2
3
1
1
8
1
Ming Zhao
------------------------------------
17
1
2
24
1
1
3
1
1
1
1
1
0
1
1
1
1
199
61
1
4
1
2
2
2
11
1
3
2
1
0
1
4
0
10
6
7
1
4
1
1
26
8
19
2
1
2
5
2
1
1
1
6
2
2
3
1
1
2
1
3
4
1
10
1
12
2
6
3
33
12
3
1
4
2
2
3
1
1
2
1
1
46
4
1
---END---
